[gd_scene load_steps=8 format=2]

[ext_resource path="res://Assets/Mudeater/mudeater.dae" type="PackedScene" id=1]
[ext_resource path="res://Assets/Mudeater/MmudeaterSkin_001.material" type="Material" id=2]
[ext_resource path="res://Assets/Mudeater/Bags.material" type="Material" id=3]
[ext_resource path="res://Assets/Mudeater/MmudeaterShortsleeveMat.material" type="Material" id=4]
[ext_resource path="res://Assets/CC0/HairFur.png" type="Texture" id=5]

[sub_resource type="SpatialMaterial" id=1]
albedo_color = Color( 0.2, 0.0823529, 0.0156863, 1 )

[sub_resource type="SpatialMaterial" id=2]
albedo_texture = ExtResource( 5 )

[node name="mudeater" instance=ExtResource( 1 )]

[node name="Plane" parent="." index="0"]
visible = false
mesh = null

[node name="Lamp" parent="." index="1"]
transform = Transform( 0.54292, -0.534694, 0.647565, 0.0771054, 0.79959, 0.595575, -0.836237, -0.273419, 0.475341, 0, 10, 0 )
visible = false

[node name="Hemi" parent="." index="2"]
transform = Transform( 1, 0, 0, 0, -4.37114e-08, 1, 0, -1, -4.37114e-08, 0, 10, 0 )
visible = false

[node name="Area" parent="." index="3"]
transform = Transform( 1, 0, 0, 0, 1, 0, 0, 0, 1, 0, 10, -0.656202 )
visible = false
omni_range = 1.5

[node name="Camera" parent="." index="4"]
transform = Transform( -1, 0, -8.74228e-08, 0, 1, 0, 8.74228e-08, 0, -1, -0.0658128, 15.3971, 0.944159 )
fov = 120.0

[node name="Hemi001" parent="." index="5"]
transform = Transform( 1, 0, 0, 0, 0.784643, 0.619948, 0, -0.619948, 0.784643, 0, 10, 0 )
visible = false

[node name="Hemi002" parent="." index="6"]
transform = Transform( -0.0273785, -0.695219, -0.718276, 0.999363, -0.0354843, -0.00374741, -0.0228822, -0.717921, 0.695748, 0, 10, 0 )
visible = false

[node name="Hemi003" parent="." index="7"]
transform = Transform( -0.0212415, -0.676025, 0.736572, 0.999363, -0.0354843, -0.00374741, 0.0286701, 0.736024, 0.676348, 0, 10, 0 )
visible = false

[node name="Eyes" parent="Armature/Skeleton" index="0"]
material/0 = SubResource( 1 )

[node name="Cloth1" parent="Armature/Skeleton" index="1"]
material/0 = ExtResource( 4 )

[node name="Body" parent="Armature/Skeleton" index="2"]
material/0 = ExtResource( 2 )

[node name="Hair" parent="Armature/Skeleton" index="3"]
material/0 = SubResource( 2 )

[node name="Cloth2" parent="Armature/Skeleton" index="4"]
material/0 = ExtResource( 3 )

[node name="AnimationPlayer" parent="." index="9"]
pause_mode = 1
process_priority = 4
playback_process_mode = 2
